megan_fox
mara_lara
